response-time,DNS+dialup,DNS,Request-write,Response-delay,Response-read,status-code,offset
2.1606,0.0007,0.0004,0.0001,2.1585,0.0012,200,0.0030
2.1535,0.0006,0.0004,0.0000,2.1523,0.0005,200,2.1636
2.1452,0.0005,0.0003,0.0000,2.1440,0.0006,200,4.3171
2.1451,0.0005,0.0003,0.0000,2.1438,0.0007,200,6.4623
2.1355,0.0005,0.0003,0.0000,2.1343,0.0006,200,8.6074
2.1558,0.0005,0.0003,0.0000,2.1546,0.0006,200,10.7429
2.1322,0.0005,0.0003,0.0000,2.1310,0.0006,200,12.8986
2.1309,0.0006,0.0003,0.0000,2.1295,0.0007,200,15.0308
2.1296,0.0005,0.0003,0.0000,2.1285,0.0005,200,17.1617
2.1318,0.0005,0.0003,0.0000,2.1307,0.0005,200,19.2913
2.1365,0.0006,0.0003,0.0000,2.1354,0.0005,200,21.4231
2.1293,0.0005,0.0003,0.0000,2.1281,0.0005,200,23.5597
2.1493,0.0006,0.0003,0.0000,2.1480,0.0007,200,25.6889
2.1337,0.0005,0.0003,0.0000,2.1325,0.0005,200,27.8382
2.1554,0.0006,0.0003,0.0000,2.1541,0.0006,200,29.9718
2.1369,0.0006,0.0004,0.0000,2.1356,0.0005,200,32.1272
2.1505,0.0006,0.0004,0.0000,2.1493,0.0005,200,34.2641
2.1667,0.0006,0.0003,0.0000,2.1653,0.0007,200,36.4146
2.1484,0.0006,0.0004,0.0001,2.1470,0.0007,200,38.5812
2.1566,0.0006,0.0004,0.0000,2.1554,0.0005,200,40.7296
2.1377,0.0006,0.0004,0.0001,2.1362,0.0007,200,42.8862
2.1477,0.0014,0.0011,0.0000,2.1455,0.0008,200,45.0239
2.1563,0.0006,0.0004,0.0000,2.1550,0.0007,200,47.1716
2.1345,0.0005,0.0003,0.0000,2.1332,0.0006,200,49.3280
2.1375,0.0005,0.0003,0.0000,2.1362,0.0007,200,51.4624
2.1336,0.0005,0.0003,0.0000,2.1324,0.0007,200,53.5999
2.1403,0.0005,0.0003,0.0000,2.1391,0.0006,200,55.7335
2.1322,0.0005,0.0003,0.0000,2.1312,0.0005,200,57.8738
2.1346,0.0006,0.0004,0.0000,2.1333,0.0006,200,60.0060
2.1348,0.0006,0.0004,0.0000,2.1335,0.0007,200,62.1407
2.1276,0.0006,0.0004,0.0000,2.1262,0.0006,200,64.2755
2.1447,0.0005,0.0003,0.0000,2.1433,0.0008,200,66.4031
2.1286,0.0006,0.0003,0.0001,2.1273,0.0007,200,68.5478
2.1477,0.0005,0.0003,0.0000,2.1466,0.0005,200,70.6763
2.1591,0.0006,0.0003,0.0000,2.1578,0.0007,200,72.8241
2.1453,0.0007,0.0003,0.0000,2.1440,0.0006,200,74.9832
2.1405,0.0006,0.0004,0.0000,2.1393,0.0005,200,77.1285
2.1400,0.0007,0.0004,0.0000,2.1381,0.0006,200,79.2690
2.1399,0.0006,0.0004,0.0000,2.1387,0.0005,200,81.4090
2.1332,0.0006,0.0004,0.0000,2.1320,0.0005,200,83.5489
2.1281,0.0005,0.0003,0.0000,2.1268,0.0007,200,85.6821
2.1453,0.0006,0.0003,0.0001,2.1438,0.0009,200,87.8102
2.1147,0.0005,0.0003,0.0000,2.1134,0.0007,200,89.9555
2.1113,0.0006,0.0003,0.0000,2.1102,0.0005,200,92.0703
2.0997,0.0005,0.0003,0.0000,2.0986,0.0006,200,94.1816
2.0953,0.0005,0.0003,0.0000,2.0939,0.0008,200,96.2813
2.0969,0.0005,0.0003,0.0001,2.0959,0.0004,200,98.3766
2.0978,0.0005,0.0003,0.0000,2.0965,0.0007,200,100.4736
2.1012,0.0006,0.0004,0.0001,2.0999,0.0006,200,102.5714
2.0958,0.0005,0.0003,0.0000,2.0947,0.0005,200,104.6726
2.1016,0.0005,0.0003,0.0000,2.1005,0.0005,200,106.7684
2.1034,0.0006,0.0003,0.0000,2.1022,0.0005,200,108.8700
2.1047,0.0006,0.0003,0.0000,2.1034,0.0007,200,110.9734
2.0958,0.0006,0.0003,0.0000,2.0947,0.0005,200,113.0781
2.0938,0.0006,0.0004,0.0000,2.0926,0.0005,200,115.1739
2.1002,0.0005,0.0003,0.0000,2.0992,0.0004,200,117.2677
2.0970,0.0005,0.0003,0.0000,2.0955,0.0009,200,119.3679
2.0996,0.0006,0.0004,0.0001,2.0985,0.0005,200,121.4649
2.1063,0.0006,0.0004,0.0000,2.1050,0.0006,200,123.5646
2.1097,0.0005,0.0003,0.0000,2.1084,0.0007,200,125.6709
2.1132,0.0005,0.0004,0.0000,2.1120,0.0006,200,127.7806
2.1071,0.0005,0.0003,0.0000,2.1060,0.0006,200,129.8938
2.1025,0.0005,0.0003,0.0000,2.1013,0.0006,200,132.0009
2.1144,0.0005,0.0003,0.0000,2.1133,0.0005,200,134.1034
2.1042,0.0005,0.0003,0.0001,2.1030,0.0005,200,136.2178
2.1110,0.0005,0.0003,0.0000,2.1100,0.0005,200,138.3220
2.1029,0.0005,0.0003,0.0000,2.1016,0.0007,200,140.4330
2.1030,0.0005,0.0003,0.0000,2.1019,0.0006,200,142.5359
2.1022,0.0005,0.0003,0.0000,2.1011,0.0005,200,144.6389
2.1053,0.0005,0.0003,0.0000,2.1042,0.0006,200,146.7412
2.0985,0.0005,0.0003,0.0000,2.0972,0.0007,200,148.8465
2.1002,0.0006,0.0004,0.0001,2.0990,0.0005,200,150.9450
2.1099,0.0006,0.0003,0.0000,2.1088,0.0005,200,153.0452
2.1062,0.0006,0.0004,0.0000,2.1050,0.0005,200,155.1552
2.0960,0.0006,0.0003,0.0000,2.0948,0.0005,200,157.2614
2.0999,0.0006,0.0004,0.0000,2.0987,0.0005,200,159.3574
2.1028,0.0006,0.0004,0.0000,2.1016,0.0005,200,161.4573
2.0963,0.0006,0.0003,0.0000,2.0951,0.0006,200,163.5601
2.1001,0.0006,0.0004,0.0000,2.0989,0.0005,200,165.6564
2.0983,0.0005,0.0004,0.0000,2.0972,0.0006,200,167.7566
2.0959,0.0005,0.0003,0.0000,2.0948,0.0006,200,169.8549
2.0990,0.0006,0.0004,0.0000,2.0978,0.0006,200,171.9508
2.0976,0.0005,0.0004,0.0000,2.0965,0.0005,200,174.0499
2.0973,0.0006,0.0003,0.0000,2.0962,0.0005,200,176.1475
2.0977,0.0006,0.0003,0.0000,2.0965,0.0005,200,178.2448
2.0958,0.0006,0.0003,0.0000,2.0946,0.0006,200,180.3425
2.0976,0.0006,0.0003,0.0000,2.0965,0.0005,200,182.4383
2.0973,0.0005,0.0003,0.0000,2.0962,0.0004,200,184.5359
2.0983,0.0006,0.0003,0.0000,2.0969,0.0007,200,186.6332
2.0970,0.0006,0.0003,0.0000,2.0959,0.0005,200,188.7315
2.0959,0.0007,0.0004,0.0000,2.0945,0.0006,200,190.8285
2.0999,0.0005,0.0003,0.0000,2.0987,0.0006,200,192.9244
2.1015,0.0006,0.0004,0.0000,2.1000,0.0008,200,195.0243
2.1033,0.0006,0.0004,0.0000,2.1020,0.0006,200,197.1257
2.0958,0.0006,0.0003,0.0001,2.0944,0.0007,200,199.2290
2.0954,0.0006,0.0003,0.0000,2.0941,0.0006,200,201.3248
2.0992,0.0006,0.0003,0.0000,2.0977,0.0009,200,203.4202
2.1006,0.0006,0.0003,0.0000,2.0995,0.0005,200,205.5194
2.1020,0.0005,0.0003,0.0000,2.1008,0.0006,200,207.6200
2.1022,0.0006,0.0003,0.0000,2.1010,0.0005,200,209.7221
2.0966,0.0005,0.0003,0.0000,2.0954,0.0005,200,211.8243
2.0997,0.0005,0.0003,0.0000,2.0973,0.0019,200,213.9208
2.0981,0.0006,0.0004,0.0000,2.0970,0.0005,200,216.0206
2.0985,0.0005,0.0003,0.0000,2.0974,0.0005,200,218.1187
2.0981,0.0005,0.0003,0.0000,2.0967,0.0008,200,220.2172
2.0988,0.0005,0.0003,0.0000,2.0976,0.0006,200,222.3153
2.0941,0.0005,0.0003,0.0000,2.0929,0.0006,200,224.4141
2.1174,0.0005,0.0003,0.0000,2.1162,0.0006,200,226.5081
2.1101,0.0005,0.0003,0.0000,2.1090,0.0005,200,228.6255
2.1059,0.0005,0.0003,0.0000,2.1049,0.0005,200,230.7356
2.0931,0.0005,0.0003,0.0000,2.0920,0.0005,200,232.8415
2.0955,0.0005,0.0003,0.0000,2.0943,0.0006,200,234.9346
2.0985,0.0005,0.0003,0.0000,2.0974,0.0005,200,237.0301
2.0952,0.0005,0.0003,0.0001,2.0941,0.0006,200,239.1286
2.0991,0.0005,0.0004,0.0000,2.0977,0.0009,200,241.2238
2.0954,0.0005,0.0003,0.0000,2.0944,0.0005,200,243.3230
2.0991,0.0005,0.0003,0.0000,2.0980,0.0005,200,245.4184
2.1000,0.0006,0.0004,0.0000,2.0987,0.0007,200,247.5175
2.0948,0.0005,0.0003,0.0000,2.0936,0.0006,200,249.6175
2.1005,0.0005,0.0003,0.0000,2.0993,0.0006,200,251.7123
2.0922,0.0005,0.0003,0.0001,2.0909,0.0006,200,253.8128
2.0971,0.0006,0.0003,0.0000,2.0959,0.0006,200,255.9050
2.0987,0.0005,0.0003,0.0001,2.0975,0.0006,200,258.0021
2.0988,0.0006,0.0003,0.0000,2.0977,0.0005,200,260.1008
2.0963,0.0005,0.0003,0.0000,2.0952,0.0006,200,262.1996
2.0974,0.0005,0.0003,0.0000,2.0964,0.0005,200,264.2960
2.1004,0.0006,0.0003,0.0000,2.0992,0.0005,200,266.3934
2.0987,0.0005,0.0003,0.0000,2.0976,0.0005,200,268.4937
2.1002,0.0005,0.0003,0.0000,2.0991,0.0005,200,270.5924
2.1127,0.0006,0.0004,0.0000,2.1116,0.0005,200,272.6926
2.0964,0.0005,0.0003,0.0000,2.0954,0.0005,200,274.8053
2.1014,0.0005,0.0003,0.0000,2.1004,0.0005,200,276.9018
2.0967,0.0005,0.0003,0.0000,2.0956,0.0005,200,279.0032
2.0938,0.0005,0.0003,0.0000,2.0927,0.0005,200,281.0999
2.0934,0.0006,0.0003,0.0000,2.0922,0.0006,200,283.1937
2.0967,0.0005,0.0003,0.0000,2.0956,0.0005,200,285.2871
2.0994,0.0005,0.0003,0.0000,2.0983,0.0005,200,287.3838
2.0917,0.0005,0.0003,0.0000,2.0906,0.0006,200,289.4833
2.0955,0.0006,0.0004,0.0001,2.0941,0.0006,200,291.5750
2.0943,0.0005,0.0003,0.0000,2.0932,0.0005,200,293.6705
2.0965,0.0006,0.0003,0.0001,2.0953,0.0005,200,295.7648
2.0952,0.0005,0.0003,0.0000,2.0941,0.0006,200,297.8613
2.0979,0.0005,0.0003,0.0001,2.0967,0.0006,200,299.9565
