response-time,DNS+dialup,DNS,Request-write,Response-delay,Response-read,status-code,offset
2.0590,0.0011,0.0005,0.0000,2.0560,0.0018,200,0.0036
2.0602,0.0007,0.0004,0.0000,2.0580,0.0015,200,2.0625
2.0596,0.0006,0.0003,0.0000,2.0575,0.0014,200,4.1228
2.0540,0.0013,0.0009,0.0001,2.0513,0.0012,200,6.1823
2.0515,0.0006,0.0003,0.0000,2.0494,0.0014,200,8.2363
2.0476,0.0007,0.0004,0.0000,2.0456,0.0013,200,10.2878
2.0822,0.0006,0.0003,0.0000,2.0801,0.0014,200,12.3355
2.0511,0.0007,0.0003,0.0000,2.0491,0.0014,200,14.4176
2.0581,0.0006,0.0003,0.0000,2.0561,0.0013,200,16.4688
2.0684,0.0007,0.0004,0.0001,2.0662,0.0014,200,18.5269
2.0493,0.0006,0.0004,0.0000,2.0469,0.0017,200,20.5952
2.0713,0.0006,0.0003,0.0000,2.0692,0.0014,200,22.6446
2.0513,0.0006,0.0003,0.0000,2.0491,0.0015,200,24.7159
2.0513,0.0006,0.0004,0.0000,2.0490,0.0015,200,26.7673
2.0682,0.0006,0.0003,0.0000,2.0658,0.0018,200,28.8186
2.0523,0.0007,0.0004,0.0001,2.0501,0.0014,200,30.8868
2.0841,0.0006,0.0003,0.0000,2.0820,0.0014,200,32.9391
2.0538,0.0006,0.0003,0.0000,2.0516,0.0015,200,35.0232
2.0671,0.0007,0.0004,0.0000,2.0650,0.0013,200,37.0770
2.0571,0.0006,0.0004,0.0000,2.0550,0.0014,200,39.1441
2.0490,0.0007,0.0003,0.0000,2.0468,0.0015,200,41.2012
2.0683,0.0007,0.0004,0.0000,2.0661,0.0015,200,43.2502
2.0548,0.0007,0.0003,0.0000,2.0527,0.0014,200,45.3185
2.0479,0.0006,0.0003,0.0000,2.0460,0.0013,200,47.3733
2.0553,0.0007,0.0004,0.0000,2.0531,0.0015,200,49.4213
2.0497,0.0006,0.0003,0.0000,2.0474,0.0016,200,51.4765
2.0738,0.0007,0.0004,0.0000,2.0717,0.0014,200,53.5262
2.0580,0.0007,0.0004,0.0000,2.0559,0.0013,200,55.6000
2.0714,0.0006,0.0003,0.0000,2.0693,0.0015,200,57.6580
2.0590,0.0006,0.0003,0.0000,2.0570,0.0014,200,59.7295
2.0514,0.0006,0.0004,0.0000,2.0487,0.0020,200,61.7885
2.0721,0.0007,0.0004,0.0000,2.0695,0.0018,200,63.8399
2.0540,0.0006,0.0003,0.0000,2.0518,0.0015,200,65.9120
2.0722,0.0008,0.0004,0.0000,2.0698,0.0015,200,67.9660
2.0614,0.0006,0.0003,0.0001,2.0591,0.0015,200,70.0381
2.0655,0.0007,0.0004,0.0001,2.0632,0.0015,200,72.0995
2.0508,0.0007,0.0004,0.0001,2.0486,0.0015,200,74.1650
2.0763,0.0006,0.0003,0.0001,2.0739,0.0018,200,76.2158
2.0790,0.0006,0.0003,0.0000,2.0766,0.0017,200,78.2921
2.0641,0.0006,0.0003,0.0000,2.0617,0.0017,200,80.3711
2.0674,0.0007,0.0003,0.0000,2.0653,0.0014,200,82.4352
2.0772,0.0006,0.0003,0.0000,2.0749,0.0016,200,84.5027
2.0683,0.0006,0.0003,0.0000,2.0658,0.0018,200,86.5798
2.0673,0.0007,0.0004,0.0000,2.0650,0.0015,200,88.6481
2.0319,0.0006,0.0003,0.0000,2.0296,0.0017,200,90.7154
2.0331,0.0006,0.0004,0.0000,2.0311,0.0013,200,92.7473
2.0312,0.0006,0.0003,0.0000,2.0288,0.0017,200,94.7804
2.0326,0.0006,0.0003,0.0000,2.0305,0.0014,200,96.8116
2.0303,0.0006,0.0003,0.0000,2.0284,0.0013,200,98.8442
2.0284,0.0006,0.0004,0.0000,2.0262,0.0015,200,100.8745
2.0379,0.0006,0.0003,0.0000,2.0359,0.0013,200,102.9029
2.0348,0.0012,0.0009,0.0000,2.0319,0.0016,200,104.9409
2.0293,0.0006,0.0003,0.0000,2.0271,0.0016,200,106.9756
2.0265,0.0006,0.0003,0.0000,2.0242,0.0016,200,109.0050
2.0354,0.0006,0.0004,0.0000,2.0333,0.0014,200,111.0315
2.0396,0.0006,0.0004,0.0000,2.0374,0.0015,200,113.0669
2.0290,0.0006,0.0003,0.0000,2.0270,0.0014,200,115.1065
2.0358,0.0007,0.0004,0.0000,2.0338,0.0013,200,117.1355
2.0362,0.0006,0.0003,0.0000,2.0340,0.0015,200,119.1713
2.0343,0.0008,0.0005,0.0000,2.0319,0.0015,200,121.2075
2.0338,0.0007,0.0003,0.0000,2.0316,0.0014,200,123.2418
2.0311,0.0006,0.0003,0.0000,2.0292,0.0013,200,125.2755
2.0352,0.0006,0.0003,0.0000,2.0331,0.0013,200,127.3066
2.0394,0.0006,0.0003,0.0000,2.0373,0.0014,200,129.3418
2.0391,0.0006,0.0003,0.0000,2.0370,0.0015,200,131.3812
2.0493,0.0006,0.0003,0.0000,2.0471,0.0015,200,133.4203
2.0383,0.0006,0.0004,0.0001,2.0359,0.0016,200,135.4696
2.0439,0.0006,0.0003,0.0001,2.0417,0.0015,200,137.5079
2.0384,0.0006,0.0003,0.0000,2.0364,0.0014,200,139.5517
2.0349,0.0007,0.0004,0.0001,2.0327,0.0014,200,141.5901
2.0300,0.0006,0.0003,0.0000,2.0279,0.0014,200,143.6250
2.0312,0.0006,0.0003,0.0000,2.0291,0.0014,200,145.6550
2.0374,0.0007,0.0004,0.0000,2.0352,0.0014,200,147.6862
2.0355,0.0006,0.0003,0.0000,2.0333,0.0015,200,149.7235
2.0445,0.0006,0.0003,0.0001,2.0423,0.0015,200,151.7590
2.0481,0.0007,0.0004,0.0000,2.0461,0.0013,200,153.8035
2.0296,0.0006,0.0003,0.0000,2.0274,0.0015,200,155.8517
2.0273,0.0006,0.0003,0.0000,2.0251,0.0015,200,157.8813
2.0275,0.0006,0.0003,0.0000,2.0252,0.0015,200,159.9086
2.0306,0.0006,0.0003,0.0000,2.0286,0.0013,200,161.9361
2.0325,0.0006,0.0004,0.0000,2.0304,0.0014,200,163.9667
2.0338,0.0006,0.0003,0.0001,2.0315,0.0016,200,165.9992
2.0317,0.0006,0.0003,0.0000,2.0294,0.0016,200,168.0330
2.0335,0.0007,0.0003,0.0000,2.0313,0.0014,200,170.0648
2.0279,0.0006,0.0003,0.0000,2.0257,0.0015,200,172.0983
2.0362,0.0006,0.0003,0.0001,2.0341,0.0015,200,174.1262
2.0269,0.0006,0.0003,0.0000,2.0247,0.0014,200,176.1624
2.0364,0.0006,0.0003,0.0000,2.0343,0.0014,200,178.1892
2.0310,0.0006,0.0003,0.0000,2.0289,0.0013,200,180.2256
2.0318,0.0006,0.0003,0.0000,2.0297,0.0014,200,182.2566
2.0272,0.0006,0.0003,0.0000,2.0251,0.0014,200,184.2884
2.0305,0.0006,0.0003,0.0000,2.0283,0.0016,200,186.3156
2.0289,0.0006,0.0003,0.0000,2.0267,0.0015,200,188.3461
2.0250,0.0006,0.0004,0.0000,2.0228,0.0015,200,190.3751
2.0339,0.0006,0.0003,0.0000,2.0318,0.0014,200,192.4001
2.0431,0.0006,0.0003,0.0000,2.0406,0.0018,200,194.4340
2.0317,0.0006,0.0003,0.0000,2.0297,0.0013,200,196.4771
2.0269,0.0007,0.0004,0.0000,2.0248,0.0014,200,198.5088
2.0396,0.0006,0.0003,0.0000,2.0373,0.0016,200,200.5357
2.0410,0.0006,0.0004,0.0000,2.0387,0.0016,200,202.5752
2.0402,0.0008,0.0004,0.0001,2.0379,0.0015,200,204.6162
2.0322,0.0006,0.0003,0.0000,2.0302,0.0013,200,206.6565
2.0423,0.0006,0.0003,0.0000,2.0400,0.0017,200,208.6886
2.0314,0.0006,0.0003,0.0001,2.0292,0.0016,200,210.7310
2.0290,0.0006,0.0003,0.0000,2.0268,0.0015,200,212.7624
2.0314,0.0007,0.0004,0.0000,2.0292,0.0015,200,214.7914
2.0330,0.0006,0.0003,0.0000,2.0306,0.0017,200,216.8228
2.0308,0.0006,0.0003,0.0000,2.0287,0.0015,200,218.8559
2.0299,0.0006,0.0004,0.0000,2.0277,0.0015,200,220.8867
2.0411,0.0006,0.0003,0.0000,2.0388,0.0015,200,222.9166
2.0405,0.0006,0.0003,0.0000,2.0385,0.0013,200,224.9576
2.0362,0.0006,0.0003,0.0000,2.0340,0.0015,200,226.9981
2.0482,0.0006,0.0003,0.0000,2.0411,0.0065,200,229.0343
2.0313,0.0007,0.0003,0.0001,2.0291,0.0014,200,231.0826
2.0358,0.0006,0.0003,0.0000,2.0338,0.0013,200,233.1139
2.0337,0.0006,0.0003,0.0000,2.0317,0.0014,200,235.1497
2.0339,0.0006,0.0003,0.0000,2.0317,0.0016,200,237.1834
2.0323,0.0006,0.0003,0.0000,2.0299,0.0017,200,239.2174
2.0272,0.0006,0.0003,0.0000,2.0251,0.0014,200,241.2497
2.0286,0.0006,0.0003,0.0000,2.0265,0.0015,200,243.2769
2.0321,0.0006,0.0003,0.0000,2.0299,0.0015,200,245.3055
2.0404,0.0006,0.0003,0.0000,2.0382,0.0015,200,247.3376
2.0393,0.0006,0.0003,0.0000,2.0370,0.0016,200,249.3780
2.0396,0.0007,0.0003,0.0000,2.0374,0.0015,200,251.4172
2.0475,0.0006,0.0003,0.0001,2.0452,0.0016,200,253.4569
2.0315,0.0006,0.0003,0.0001,2.0295,0.0014,200,255.5044
2.0318,0.0006,0.0003,0.0000,2.0295,0.0015,200,257.5360
2.0293,0.0006,0.0004,0.0001,2.0268,0.0018,200,259.5677
2.0267,0.0006,0.0003,0.0001,2.0247,0.0014,200,261.5970
2.0380,0.0006,0.0003,0.0001,2.0357,0.0017,200,263.6237
2.0332,0.0008,0.0004,0.0001,2.0310,0.0013,200,265.6618
2.0504,0.0006,0.0003,0.0001,2.0480,0.0016,200,267.6950
2.0425,0.0006,0.0004,0.0001,2.0400,0.0017,200,269.7454
2.0410,0.0006,0.0003,0.0000,2.0390,0.0013,200,271.7879
2.0487,0.0006,0.0003,0.0001,2.0467,0.0013,200,273.8289
2.0307,0.0007,0.0004,0.0001,2.0282,0.0017,200,275.8776
2.0283,0.0007,0.0004,0.0000,2.0260,0.0016,200,277.9084
2.0298,0.0006,0.0003,0.0000,2.0275,0.0017,200,279.9366
2.0311,0.0007,0.0004,0.0001,2.0285,0.0018,200,281.9665
2.0346,0.0006,0.0003,0.0000,2.0325,0.0014,200,283.9976
2.0356,0.0006,0.0003,0.0001,2.0334,0.0015,200,286.0321
2.0345,0.0007,0.0004,0.0000,2.0321,0.0016,200,288.0678
2.0295,0.0007,0.0003,0.0000,2.0272,0.0016,200,290.1022
2.0274,0.0006,0.0003,0.0001,2.0250,0.0017,200,292.1318
2.0392,0.0007,0.0003,0.0001,2.0370,0.0015,200,294.1592
2.0327,0.0006,0.0003,0.0000,2.0306,0.0013,200,296.1984
2.0545,0.0006,0.0003,0.0001,2.0524,0.0014,200,298.2311
