response-time,DNS+dialup,DNS,Request-write,Response-delay,Response-read,status-code,offset
2.1383,0.0010,0.0006,0.0001,2.1364,0.0006,200,0.0026
2.1305,0.0008,0.0005,0.0001,2.1288,0.0008,200,2.1409
2.1252,0.0005,0.0003,0.0000,2.1240,0.0006,200,4.2713
2.1145,0.0011,0.0009,0.0000,2.1127,0.0007,200,6.3965
2.1259,0.0005,0.0003,0.0000,2.1248,0.0005,200,8.5110
2.1327,0.0005,0.0003,0.0000,2.1315,0.0006,200,10.6369
2.1223,0.0006,0.0003,0.0000,2.1211,0.0005,200,12.7696
2.1188,0.0005,0.0003,0.0000,2.1176,0.0006,200,14.8918
2.1139,0.0005,0.0003,0.0000,2.1128,0.0006,200,17.0106
2.1262,0.0006,0.0004,0.0000,2.1250,0.0005,200,19.1245
2.1262,0.0006,0.0003,0.0001,2.1250,0.0005,200,21.2507
2.1338,0.0005,0.0003,0.0001,2.1327,0.0005,200,23.3769
2.1175,0.0006,0.0003,0.0000,2.1164,0.0005,200,25.5107
2.1337,0.0005,0.0003,0.0000,2.1326,0.0005,200,27.6282
2.1145,0.0006,0.0004,0.0000,2.1133,0.0006,200,29.7620
2.1158,0.0006,0.0004,0.0000,2.1146,0.0005,200,31.8764
2.1228,0.0007,0.0004,0.0000,2.1215,0.0005,200,33.9923
2.1172,0.0005,0.0003,0.0000,2.1159,0.0007,200,36.1151
2.1199,0.0005,0.0003,0.0000,2.1188,0.0005,200,38.2323
2.1104,0.0005,0.0003,0.0000,2.1093,0.0005,200,40.3521
2.1191,0.0006,0.0004,0.0000,2.1178,0.0007,200,42.4626
2.1042,0.0006,0.0003,0.0001,2.1029,0.0005,200,44.5817
2.1097,0.0005,0.0003,0.0000,2.1086,0.0006,200,46.6858
2.1222,0.0005,0.0003,0.0000,2.1211,0.0006,200,48.7955
2.1103,0.0005,0.0003,0.0000,2.1092,0.0005,200,50.9177
2.1126,0.0005,0.0003,0.0000,2.1114,0.0007,200,53.0281
2.1184,0.0006,0.0003,0.0001,2.1172,0.0005,200,55.1407
2.1150,0.0005,0.0003,0.0000,2.1138,0.0006,200,57.2591
2.1077,0.0007,0.0004,0.0000,2.1064,0.0005,200,59.3741
2.1091,0.0006,0.0003,0.0001,2.1079,0.0006,200,61.4818
2.1144,0.0006,0.0003,0.0001,2.1132,0.0006,200,63.5909
2.1116,0.0005,0.0003,0.0001,2.1104,0.0006,200,65.7054
2.1161,0.0005,0.0003,0.0000,2.1147,0.0008,200,67.8170
2.1068,0.0005,0.0003,0.0000,2.1056,0.0006,200,69.9331
2.1102,0.0006,0.0004,0.0000,2.1090,0.0005,200,72.0399
2.1097,0.0006,0.0004,0.0000,2.1085,0.0006,200,74.1501
2.1110,0.0006,0.0004,0.0000,2.1096,0.0007,200,76.2598
2.1388,0.0006,0.0003,0.0001,2.1377,0.0004,200,78.3708
2.1049,0.0005,0.0003,0.0000,2.1038,0.0005,200,80.5096
2.1070,0.0005,0.0003,0.0000,2.1059,0.0006,200,82.6145
2.1148,0.0006,0.0003,0.0000,2.1135,0.0006,200,84.7215
2.1195,0.0006,0.0004,0.0000,2.1184,0.0005,200,86.8363
2.1093,0.0006,0.0003,0.0000,2.1081,0.0005,200,88.9559
2.0806,0.0005,0.0003,0.0000,2.0795,0.0006,200,91.0651
2.0999,0.0005,0.0004,0.0000,2.0986,0.0007,200,93.1458
2.0928,0.0006,0.0004,0.0000,2.0915,0.0006,200,95.2457
2.0848,0.0005,0.0003,0.0000,2.0835,0.0007,200,97.3385
2.0882,0.0005,0.0003,0.0001,2.0870,0.0006,200,99.4233
2.0867,0.0007,0.0004,0.0000,2.0853,0.0007,200,101.5115
2.0838,0.0006,0.0004,0.0000,2.0826,0.0006,200,103.5982
2.0891,0.0006,0.0003,0.0000,2.0879,0.0006,200,105.6820
2.0894,0.0006,0.0004,0.0000,2.0882,0.0005,200,107.7711
2.0905,0.0005,0.0003,0.0000,2.0893,0.0006,200,109.8605
2.0887,0.0006,0.0003,0.0000,2.0873,0.0007,200,111.9511
2.0878,0.0006,0.0003,0.0000,2.0865,0.0006,200,114.0398
2.0895,0.0007,0.0004,0.0001,2.0877,0.0005,200,116.1276
2.0884,0.0005,0.0003,0.0000,2.0852,0.0026,200,118.2172
2.0874,0.0005,0.0003,0.0000,2.0861,0.0008,200,120.3055
2.0823,0.0005,0.0003,0.0000,2.0811,0.0006,200,122.3930
2.0856,0.0005,0.0003,0.0000,2.0844,0.0006,200,124.4752
2.0869,0.0006,0.0003,0.0000,2.0856,0.0006,200,126.5608
2.0865,0.0005,0.0003,0.0000,2.0854,0.0005,200,128.6477
2.0805,0.0005,0.0003,0.0000,2.0794,0.0005,200,130.7342
2.0780,0.0005,0.0003,0.0000,2.0769,0.0005,200,132.8147
2.0915,0.0005,0.0003,0.0000,2.0903,0.0006,200,134.8927
2.0868,0.0005,0.0003,0.0000,2.0857,0.0005,200,136.9841
2.1022,0.0005,0.0003,0.0000,2.1010,0.0006,200,139.0709
2.0881,0.0005,0.0003,0.0000,2.0869,0.0007,200,141.1731
2.0867,0.0005,0.0003,0.0000,2.0856,0.0006,200,143.2612
2.0828,0.0005,0.0003,0.0000,2.0816,0.0006,200,145.3479
2.0825,0.0005,0.0003,0.0000,2.0813,0.0006,200,147.4306
2.0869,0.0005,0.0003,0.0000,2.0857,0.0006,200,149.5132
2.0870,0.0005,0.0003,0.0000,2.0859,0.0005,200,151.6001
2.0853,0.0005,0.0003,0.0000,2.0842,0.0005,200,153.6871
2.0877,0.0005,0.0003,0.0000,2.0864,0.0008,200,155.7725
2.0828,0.0006,0.0003,0.0000,2.0817,0.0005,200,157.8602
2.0836,0.0005,0.0003,0.0000,2.0823,0.0007,200,159.9430
2.0900,0.0005,0.0003,0.0000,2.0888,0.0006,200,162.0266
2.0923,0.0006,0.0004,0.0000,2.0912,0.0005,200,164.1165
2.0887,0.0005,0.0003,0.0000,2.0875,0.0006,200,166.2088
2.0923,0.0004,0.0003,0.0000,2.0913,0.0005,200,168.2975
2.0923,0.0005,0.0003,0.0000,2.0912,0.0005,200,170.3899
2.0900,0.0005,0.0003,0.0000,2.0889,0.0005,200,172.4822
2.0917,0.0005,0.0003,0.0000,2.0905,0.0007,200,174.5722
2.0969,0.0005,0.0003,0.0000,2.0957,0.0007,200,176.6639
2.0991,0.0005,0.0003,0.0000,2.0977,0.0008,200,178.7609
2.0954,0.0005,0.0003,0.0000,2.0943,0.0005,200,180.8600
2.0949,0.0005,0.0003,0.0000,2.0937,0.0006,200,182.9554
2.0926,0.0006,0.0003,0.0000,2.0914,0.0005,200,185.0503
2.0931,0.0005,0.0003,0.0000,2.0920,0.0006,200,187.1428
2.0914,0.0005,0.0003,0.0000,2.0903,0.0005,200,189.2360
2.0888,0.0005,0.0003,0.0000,2.0875,0.0006,200,191.3274
2.0839,0.0006,0.0003,0.0000,2.0826,0.0006,200,193.4162
2.0833,0.0005,0.0003,0.0000,2.0822,0.0005,200,195.5000
2.0816,0.0005,0.0003,0.0000,2.0802,0.0008,200,197.5834
2.0853,0.0005,0.0003,0.0000,2.0843,0.0005,200,199.6650
2.0856,0.0005,0.0004,0.0001,2.0843,0.0006,200,201.7503
2.0843,0.0005,0.0003,0.0000,2.0831,0.0006,200,203.8359
2.0859,0.0005,0.0003,0.0000,2.0847,0.0006,200,205.9201
2.0821,0.0006,0.0004,0.0001,2.0807,0.0006,200,208.0060
2.0835,0.0005,0.0003,0.0000,2.0824,0.0005,200,210.0881
2.0842,0.0005,0.0003,0.0000,2.0831,0.0006,200,212.1716
2.0806,0.0005,0.0003,0.0001,2.0795,0.0006,200,214.2558
2.0871,0.0006,0.0003,0.0001,2.0859,0.0006,200,216.3365
2.0858,0.0005,0.0003,0.0000,2.0847,0.0006,200,218.4236
2.0851,0.0005,0.0003,0.0000,2.0837,0.0008,200,220.5095
2.0833,0.0005,0.0003,0.0000,2.0819,0.0008,200,222.5945
2.0861,0.0006,0.0003,0.0000,2.0849,0.0006,200,224.6778
2.0918,0.0005,0.0003,0.0000,2.0907,0.0005,200,226.7639
2.0854,0.0005,0.0003,0.0000,2.0843,0.0006,200,228.8557
2.0796,0.0005,0.0003,0.0000,2.0785,0.0006,200,230.9412
2.0830,0.0005,0.0003,0.0000,2.0818,0.0005,200,233.0208
2.0886,0.0005,0.0003,0.0000,2.0875,0.0005,200,235.1037
2.0844,0.0005,0.0003,0.0000,2.0832,0.0006,200,237.1924
2.0853,0.0005,0.0003,0.0000,2.0840,0.0007,200,239.2767
2.0881,0.0008,0.0005,0.0000,2.0866,0.0006,200,241.3621
2.0802,0.0005,0.0003,0.0000,2.0790,0.0006,200,243.4502
2.0856,0.0005,0.0003,0.0001,2.0844,0.0005,200,245.5304
2.0883,0.0005,0.0003,0.0000,2.0870,0.0007,200,247.6159
2.0890,0.0005,0.0003,0.0000,2.0877,0.0008,200,249.7042
2.0874,0.0005,0.0003,0.0000,2.0862,0.0006,200,251.7932
2.0907,0.0005,0.0003,0.0000,2.0893,0.0008,200,253.8806
2.0835,0.0005,0.0003,0.0000,2.0823,0.0007,200,255.9713
2.0832,0.0005,0.0003,0.0000,2.0821,0.0005,200,258.0547
2.0808,0.0005,0.0003,0.0000,2.0797,0.0006,200,260.1379
2.0828,0.0005,0.0003,0.0000,2.0818,0.0005,200,262.2188
2.0844,0.0005,0.0003,0.0000,2.0833,0.0006,200,264.3016
2.0807,0.0005,0.0003,0.0000,2.0796,0.0006,200,266.3860
2.0844,0.0005,0.0003,0.0000,2.0834,0.0005,200,268.4667
2.0834,0.0005,0.0003,0.0000,2.0823,0.0005,200,270.5512
2.0780,0.0006,0.0003,0.0000,2.0769,0.0005,200,272.6345
2.0804,0.0005,0.0003,0.0000,2.0792,0.0006,200,274.7126
2.0859,0.0005,0.0003,0.0000,2.0848,0.0005,200,276.7930
2.0821,0.0005,0.0003,0.0000,2.0810,0.0006,200,278.8789
2.0810,0.0006,0.0003,0.0000,2.0799,0.0005,200,280.9610
2.0865,0.0005,0.0003,0.0000,2.0853,0.0006,200,283.0421
2.0939,0.0005,0.0003,0.0000,2.0928,0.0005,200,285.1286
2.0772,0.0005,0.0003,0.0000,2.0758,0.0008,200,287.2224
2.0821,0.0006,0.0003,0.0000,2.0810,0.0005,200,289.2997
2.0839,0.0005,0.0003,0.0000,2.0827,0.0006,200,291.3818
2.0825,0.0005,0.0003,0.0000,2.0812,0.0007,200,293.4657
2.0824,0.0006,0.0003,0.0001,2.0812,0.0005,200,295.5482
2.0906,0.0005,0.0002,0.0001,2.0895,0.0005,200,297.6305
2.0829,0.0005,0.0003,0.0000,2.0819,0.0006,200,299.7212
