response-time,DNS+dialup,DNS,Request-write,Response-delay,Response-read,status-code,offset
2.0995,0.0013,0.0007,0.0001,2.0978,0.0001,200,0.0038
2.0980,0.0008,0.0004,0.0001,2.0970,0.0001,200,2.1033
2.0992,0.0007,0.0003,0.0006,2.0978,0.0001,200,4.2013
2.0945,0.0007,0.0004,0.0000,2.0936,0.0001,200,6.3005
2.1092,0.0007,0.0003,0.0000,2.1083,0.0001,200,8.3950
2.0973,0.0007,0.0003,0.0000,2.0965,0.0001,200,10.5042
2.0957,0.0006,0.0003,0.0000,2.0949,0.0001,200,12.6016
2.0981,0.0007,0.0004,0.0000,2.0973,0.0001,200,14.6973
2.1037,0.0007,0.0004,0.0001,2.1028,0.0001,200,16.7954
2.0981,0.0007,0.0003,0.0001,2.0973,0.0001,200,18.8992
2.1119,0.0007,0.0004,0.0000,2.1111,0.0001,200,20.9973
2.0968,0.0006,0.0003,0.0001,2.0960,0.0001,200,23.1092
2.0989,0.0007,0.0004,0.0000,2.0980,0.0001,200,25.2061
2.1012,0.0006,0.0003,0.0000,2.1004,0.0001,200,27.3049
2.0981,0.0007,0.0003,0.0000,2.0973,0.0001,200,29.4062
2.1024,0.0007,0.0003,0.0000,2.1015,0.0001,200,31.5043
2.0950,0.0006,0.0003,0.0000,2.0942,0.0001,200,33.6066
2.0990,0.0007,0.0003,0.0000,2.0982,0.0001,200,35.7016
2.1017,0.0007,0.0004,0.0000,2.1009,0.0001,200,37.8006
2.0991,0.0006,0.0003,0.0000,2.0984,0.0001,200,39.9023
2.0959,0.0007,0.0003,0.0000,2.0951,0.0001,200,42.0015
2.0972,0.0007,0.0004,0.0000,2.0964,0.0001,200,44.0973
2.0996,0.0006,0.0003,0.0000,2.0988,0.0001,200,46.1946
2.1056,0.0007,0.0003,0.0000,2.1048,0.0001,200,48.2942
2.1085,0.0007,0.0003,0.0000,2.1077,0.0001,200,50.3998
2.0982,0.0007,0.0003,0.0000,2.0974,0.0001,200,52.5083
2.0964,0.0006,0.0003,0.0000,2.0956,0.0001,200,54.6065
2.0962,0.0007,0.0003,0.0001,2.0953,0.0001,200,56.7029
2.0994,0.0006,0.0003,0.0000,2.0987,0.0001,200,58.7990
2.0992,0.0006,0.0003,0.0000,2.0984,0.0001,200,60.8985
2.0984,0.0007,0.0004,0.0000,2.0976,0.0001,200,62.9977
2.0991,0.0006,0.0003,0.0000,2.0984,0.0001,200,65.0961
2.1011,0.0007,0.0004,0.0000,2.1002,0.0001,200,67.1953
2.0979,0.0007,0.0004,0.0000,2.0970,0.0001,200,69.2964
2.1002,0.0007,0.0004,0.0000,2.0993,0.0001,200,71.3943
2.0989,0.0007,0.0004,0.0000,2.0980,0.0001,200,73.4945
2.0982,0.0006,0.0003,0.0000,2.0974,0.0001,200,75.5935
2.0980,0.0006,0.0003,0.0000,2.0973,0.0001,200,77.6917
2.1082,0.0006,0.0003,0.0000,2.1074,0.0001,200,79.7897
2.1031,0.0007,0.0004,0.0000,2.1022,0.0001,200,81.8979
2.0982,0.0006,0.0003,0.0000,2.0974,0.0001,200,84.0009
2.1016,0.0007,0.0003,0.0000,2.1007,0.0001,200,86.0991
2.0991,0.0007,0.0004,0.0000,2.0982,0.0001,200,88.2007
2.1004,0.0008,0.0004,0.0000,2.0994,0.0001,200,90.2998
2.0994,0.0008,0.0004,0.0000,2.0985,0.0001,200,92.4002
2.0971,0.0006,0.0003,0.0000,2.0963,0.0001,200,94.4996
2.0970,0.0006,0.0003,0.0000,2.0963,0.0001,200,96.5967
2.0976,0.0006,0.0003,0.0000,2.0968,0.0001,200,98.6937
2.1009,0.0008,0.0004,0.0000,2.1000,0.0001,200,100.7913
2.1009,0.0006,0.0003,0.0000,2.1001,0.0001,200,102.8922
2.0983,0.0007,0.0003,0.0000,2.0974,0.0001,200,104.9931
2.0965,0.0007,0.0004,0.0000,2.0956,0.0001,200,107.0913
2.1096,0.0006,0.0003,0.0000,2.1088,0.0001,200,109.1878
2.1065,0.0006,0.0003,0.0000,2.1057,0.0001,200,111.2974
2.0985,0.0007,0.0004,0.0000,2.0977,0.0001,200,113.4039
2.0997,0.0012,0.0009,0.0000,2.0983,0.0001,200,115.5024
2.1007,0.0006,0.0003,0.0000,2.0999,0.0001,200,117.6021
2.0983,0.0007,0.0004,0.0000,2.0973,0.0003,200,119.7028
2.1009,0.0010,0.0005,0.0000,2.0998,0.0001,200,121.8012
2.0949,0.0006,0.0003,0.0000,2.0941,0.0001,200,123.9021
2.1009,0.0007,0.0004,0.0000,2.1001,0.0001,200,125.9969
2.1142,0.0006,0.0003,0.0000,2.1135,0.0001,200,128.0978
2.1069,0.0007,0.0003,0.0000,2.1061,0.0001,200,130.2121
2.0995,0.0007,0.0004,0.0000,2.0986,0.0001,200,132.3190
2.0958,0.0006,0.0003,0.0001,2.0951,0.0001,200,134.4185
2.0983,0.0006,0.0003,0.0000,2.0975,0.0001,200,136.5144
2.0979,0.0007,0.0004,0.0001,2.0970,0.0001,200,138.6127
2.1225,0.0006,0.0003,0.0000,2.1217,0.0001,200,140.7106
2.0984,0.0007,0.0003,0.0001,2.0975,0.0001,200,142.8331
2.0987,0.0007,0.0004,0.0000,2.0978,0.0001,200,144.9315
2.0996,0.0006,0.0003,0.0000,2.0989,0.0001,200,147.0302
2.0994,0.0007,0.0004,0.0000,2.0985,0.0001,200,149.1299
2.0999,0.0007,0.0003,0.0001,2.0991,0.0001,200,151.2292
2.0986,0.0007,0.0004,0.0000,2.0977,0.0001,200,153.3291
2.0996,0.0006,0.0003,0.0000,2.0988,0.0001,200,155.4278
2.1083,0.0006,0.0003,0.0000,2.1075,0.0001,200,157.5273
2.1056,0.0006,0.0003,0.0000,2.1049,0.0001,200,159.6356
2.1029,0.0006,0.0003,0.0000,2.1021,0.0001,200,161.7413
2.0985,0.0007,0.0003,0.0000,2.0976,0.0001,200,163.8442
2.0939,0.0006,0.0003,0.0000,2.0931,0.0001,200,165.9427
2.0970,0.0007,0.0003,0.0001,2.0962,0.0001,200,168.0365
2.1151,0.0007,0.0003,0.0000,2.1143,0.0001,200,170.1336
2.1112,0.0006,0.0003,0.0000,2.1104,0.0001,200,172.2487
2.1087,0.0007,0.0003,0.0000,2.1078,0.0001,200,174.3598
2.1054,0.0007,0.0004,0.0000,2.1045,0.0001,200,176.4685
2.1013,0.0007,0.0003,0.0000,2.1005,0.0001,200,178.5739
2.0988,0.0007,0.0003,0.0000,2.0980,0.0001,200,180.6752
2.0999,0.0007,0.0003,0.0000,2.0990,0.0001,200,182.7740
2.1019,0.0006,0.0003,0.0000,2.1011,0.0001,200,184.8739
2.1064,0.0006,0.0003,0.0000,2.1056,0.0001,200,186.9757
2.1017,0.0006,0.0003,0.0000,2.1009,0.0001,200,189.0821
2.0990,0.0006,0.0003,0.0000,2.0982,0.0001,200,191.1838
2.0993,0.0006,0.0003,0.0000,2.0986,0.0001,200,193.2828
2.1104,0.0006,0.0003,0.0000,2.1096,0.0001,200,195.3822
2.1104,0.0006,0.0003,0.0000,2.1096,0.0001,200,197.4926
2.1069,0.0006,0.0003,0.0001,2.1062,0.0001,200,199.6029
2.1089,0.0007,0.0004,0.0000,2.1080,0.0001,200,201.7099
2.1229,0.0006,0.0003,0.0000,2.1221,0.0001,200,203.8188
2.1022,0.0006,0.0003,0.0000,2.1014,0.0001,200,205.9417
2.0989,0.0007,0.0004,0.0000,2.0980,0.0001,200,208.0439
2.1036,0.0006,0.0003,0.0000,2.1029,0.0001,200,210.1428
2.1045,0.0007,0.0003,0.0000,2.1037,0.0001,200,212.2464
2.1079,0.0007,0.0003,0.0000,2.1071,0.0001,200,214.3509
2.0983,0.0006,0.0003,0.0000,2.0976,0.0001,200,216.4588
2.1012,0.0006,0.0003,0.0000,2.1004,0.0001,200,218.5572
2.0983,0.0007,0.0003,0.0000,2.0975,0.0001,200,220.6584
2.0955,0.0007,0.0003,0.0000,2.0947,0.0001,200,222.7567
2.0990,0.0006,0.0003,0.0000,2.0983,0.0001,200,224.8522
2.0997,0.0006,0.0003,0.0000,2.0989,0.0001,200,226.9512
2.0971,0.0006,0.0003,0.0000,2.0963,0.0001,200,229.0510
2.1152,0.0006,0.0003,0.0001,2.1144,0.0001,200,231.1481
2.1109,0.0007,0.0004,0.0000,2.1101,0.0001,200,233.2633
2.0954,0.0008,0.0003,0.0000,2.0944,0.0001,200,235.3742
2.0967,0.0007,0.0003,0.0000,2.0959,0.0001,200,237.4696
2.0949,0.0007,0.0003,0.0000,2.0941,0.0001,200,239.5663
2.0939,0.0007,0.0003,0.0000,2.0929,0.0003,200,241.6613
2.0932,0.0010,0.0006,0.0000,2.0920,0.0001,200,243.7553
2.0985,0.0007,0.0004,0.0000,2.0976,0.0001,200,245.8484
2.0983,0.0006,0.0003,0.0000,2.0975,0.0001,200,247.9469
2.0964,0.0007,0.0004,0.0000,2.0955,0.0001,200,250.0452
2.0930,0.0007,0.0004,0.0000,2.0922,0.0001,200,252.1415
2.0938,0.0007,0.0003,0.0000,2.0930,0.0001,200,254.2345
2.0931,0.0007,0.0003,0.0000,2.0922,0.0001,200,256.3283
2.0961,0.0007,0.0004,0.0000,2.0953,0.0001,200,258.4214
2.0956,0.0007,0.0003,0.0000,2.0947,0.0001,200,260.5175
2.0966,0.0006,0.0003,0.0000,2.0959,0.0001,200,262.6131
2.0937,0.0006,0.0003,0.0000,2.0929,0.0001,200,264.7097
2.0949,0.0006,0.0003,0.0000,2.0942,0.0001,200,266.8034
2.0973,0.0006,0.0003,0.0000,2.0965,0.0001,200,268.8983
2.0958,0.0007,0.0004,0.0000,2.0949,0.0001,200,270.9956
2.0944,0.0007,0.0003,0.0000,2.0936,0.0001,200,273.0914
2.0995,0.0007,0.0003,0.0000,2.0987,0.0001,200,275.1859
2.0957,0.0007,0.0003,0.0000,2.0948,0.0001,200,277.2854
2.0962,0.0006,0.0003,0.0000,2.0954,0.0001,200,279.3811
2.0967,0.0007,0.0004,0.0000,2.0959,0.0001,200,281.4772
2.0967,0.0006,0.0003,0.0000,2.0959,0.0001,200,283.5740
2.0950,0.0006,0.0003,0.0000,2.0942,0.0001,200,285.6707
2.1006,0.0006,0.0003,0.0000,2.0998,0.0001,200,287.7657
2.1199,0.0007,0.0004,0.0001,2.1191,0.0001,200,289.8663
2.0998,0.0007,0.0003,0.0000,2.0990,0.0001,200,291.9863
2.1106,0.0007,0.0003,0.0000,2.1098,0.0001,200,294.0860
2.1064,0.0007,0.0003,0.0000,2.1056,0.0001,200,296.1967
2.1027,0.0007,0.0003,0.0000,2.1018,0.0001,200,298.3031
