response-time,DNS+dialup,DNS,Request-write,Response-delay,Response-read,status-code,offset
2.1342,0.0013,0.0010,0.0001,2.1326,0.0001,200,0.0038
2.1381,0.0006,0.0003,0.0001,2.1373,0.0001,200,2.1380
2.1443,0.0005,0.0003,0.0000,2.1437,0.0001,200,4.2761
2.1419,0.0005,0.0003,0.0000,2.1413,0.0001,200,6.4204
2.1455,0.0005,0.0003,0.0000,2.1449,0.0001,200,8.5623
2.1369,0.0006,0.0004,0.0000,2.1362,0.0001,200,10.7079
2.1340,0.0006,0.0003,0.0000,2.1332,0.0001,200,12.8448
2.1296,0.0005,0.0003,0.0000,2.1289,0.0001,200,14.9788
2.1345,0.0005,0.0003,0.0000,2.1338,0.0001,200,17.1084
2.1309,0.0006,0.0003,0.0000,2.1301,0.0001,200,19.2429
2.1303,0.0006,0.0003,0.0000,2.1296,0.0001,200,21.3737
2.1304,0.0005,0.0003,0.0000,2.1297,0.0001,200,23.5040
2.1328,0.0005,0.0004,0.0001,2.1321,0.0001,200,25.6344
2.1303,0.0006,0.0003,0.0001,2.1295,0.0001,200,27.7672
2.1327,0.0005,0.0003,0.0000,2.1320,0.0001,200,29.8974
2.1349,0.0006,0.0003,0.0000,2.1341,0.0001,200,32.0302
2.1301,0.0005,0.0003,0.0000,2.1294,0.0001,200,34.1651
2.1328,0.0005,0.0003,0.0000,2.1321,0.0001,200,36.2952
2.1438,0.0006,0.0003,0.0000,2.1431,0.0001,200,38.4280
2.1439,0.0005,0.0003,0.0000,2.1432,0.0001,200,40.5718
2.1456,0.0006,0.0003,0.0000,2.1449,0.0001,200,42.7157
2.1513,0.0005,0.0003,0.0000,2.1506,0.0001,200,44.8613
2.1445,0.0005,0.0003,0.0000,2.1438,0.0001,200,47.0126
2.1463,0.0006,0.0003,0.0000,2.1456,0.0001,200,49.1571
2.1468,0.0007,0.0004,0.0000,2.1460,0.0001,200,51.3034
2.1405,0.0005,0.0003,0.0000,2.1398,0.0001,200,53.4503
2.1302,0.0006,0.0003,0.0000,2.1294,0.0001,200,55.5908
2.1317,0.0005,0.0003,0.0000,2.1310,0.0001,200,57.7209
2.1314,0.0005,0.0003,0.0000,2.1307,0.0001,200,59.8527
2.1348,0.0005,0.0003,0.0000,2.1342,0.0001,200,61.9841
2.1319,0.0005,0.0003,0.0000,2.1312,0.0001,200,64.1189
2.1342,0.0005,0.0003,0.0000,2.1336,0.0001,200,66.2508
2.1325,0.0006,0.0003,0.0000,2.1317,0.0001,200,68.3850
2.1340,0.0006,0.0003,0.0000,2.1333,0.0001,200,70.5175
2.1337,0.0006,0.0003,0.0000,2.1330,0.0001,200,72.6515
2.1306,0.0005,0.0003,0.0000,2.1300,0.0001,200,74.7852
2.1307,0.0006,0.0003,0.0000,2.1300,0.0001,200,76.9158
2.1354,0.0005,0.0003,0.0000,2.1347,0.0001,200,79.0465
2.1418,0.0006,0.0004,0.0000,2.1410,0.0001,200,81.1819
2.1305,0.0005,0.0003,0.0000,2.1298,0.0001,200,83.3237
2.1323,0.0005,0.0003,0.0000,2.1316,0.0001,200,85.4542
2.1352,0.0006,0.0003,0.0000,2.1344,0.0001,200,87.5865
2.1319,0.0006,0.0003,0.0001,2.1311,0.0001,200,89.7217
2.1313,0.0006,0.0003,0.0000,2.1305,0.0001,200,91.8536
2.1329,0.0006,0.0003,0.0000,2.1322,0.0001,200,93.9849
2.1308,0.0005,0.0003,0.0000,2.1302,0.0001,200,96.1178
2.1368,0.0005,0.0003,0.0000,2.1362,0.0001,200,98.2487
2.1369,0.0005,0.0003,0.0000,2.1363,0.0001,200,100.3855
2.1364,0.0005,0.0003,0.0000,2.1357,0.0001,200,102.5224
2.1366,0.0005,0.0003,0.0000,2.1359,0.0001,200,104.6589
2.1370,0.0006,0.0003,0.0000,2.1363,0.0001,200,106.7954
2.1360,0.0005,0.0003,0.0000,2.1353,0.0001,200,108.9325
2.1375,0.0005,0.0003,0.0000,2.1369,0.0001,200,111.0685
2.1337,0.0005,0.0003,0.0006,2.1325,0.0001,200,113.2060
2.1436,0.0006,0.0004,0.0000,2.1428,0.0001,200,115.3397
2.1316,0.0006,0.0003,0.0000,2.1309,0.0001,200,117.4833
2.1326,0.0005,0.0003,0.0000,2.1317,0.0003,200,119.6149
2.1343,0.0009,0.0005,0.0000,2.1332,0.0001,200,121.7476
2.1325,0.0005,0.0003,0.0000,2.1319,0.0001,200,123.8818
2.1431,0.0005,0.0003,0.0000,2.1424,0.0001,200,126.0144
2.1352,0.0006,0.0004,0.0000,2.1345,0.0001,200,128.1575
2.1345,0.0005,0.0003,0.0000,2.1338,0.0001,200,130.2927
2.1358,0.0005,0.0003,0.0000,2.1351,0.0001,200,132.4272
2.1401,0.0005,0.0003,0.0000,2.1394,0.0001,200,134.5630
2.1572,0.0005,0.0003,0.0000,2.1565,0.0001,200,136.7031
2.1431,0.0005,0.0003,0.0000,2.1425,0.0001,200,138.8603
2.1388,0.0006,0.0003,0.0000,2.1380,0.0001,200,141.0034
2.1324,0.0005,0.0003,0.0000,2.1318,0.0001,200,143.1422
2.1362,0.0005,0.0003,0.0000,2.1355,0.0001,200,145.2746
2.1314,0.0005,0.0003,0.0001,2.1307,0.0001,200,147.4108
2.1355,0.0006,0.0004,0.0001,2.1348,0.0001,200,149.5422
2.1352,0.0006,0.0004,0.0000,2.1344,0.0001,200,151.6777
2.1365,0.0005,0.0003,0.0000,2.1358,0.0001,200,153.8129
2.1387,0.0006,0.0003,0.0000,2.1379,0.0001,200,155.9494
2.1327,0.0005,0.0003,0.0001,2.1321,0.0001,200,158.0880
2.1324,0.0006,0.0003,0.0000,2.1317,0.0001,200,160.2208
2.1358,0.0005,0.0003,0.0000,2.1351,0.0001,200,162.3532
2.1331,0.0005,0.0003,0.0000,2.1324,0.0001,200,164.4890
2.1369,0.0006,0.0003,0.0000,2.1362,0.0001,200,166.6220
2.1313,0.0005,0.0003,0.0000,2.1307,0.0001,200,168.7589
2.1355,0.0005,0.0003,0.0000,2.1348,0.0001,200,170.8902
2.1344,0.0005,0.0003,0.0000,2.1337,0.0001,200,173.0257
2.1353,0.0005,0.0003,0.0000,2.1346,0.0001,200,175.1601
2.1346,0.0006,0.0004,0.0000,2.1338,0.0001,200,177.2954
2.1315,0.0005,0.0003,0.0000,2.1308,0.0001,200,179.4300
2.1360,0.0005,0.0003,0.0000,2.1353,0.0001,200,181.5615
2.1346,0.0006,0.0003,0.0000,2.1339,0.0001,200,183.6975
2.1410,0.0006,0.0004,0.0000,2.1402,0.0001,200,185.8320
2.1309,0.0005,0.0003,0.0000,2.1302,0.0001,200,187.9730
2.1343,0.0006,0.0004,0.0000,2.1336,0.0001,200,190.1039
2.1333,0.0005,0.0003,0.0000,2.1326,0.0001,200,192.2383
2.1355,0.0005,0.0003,0.0000,2.1348,0.0001,200,194.3715
2.1316,0.0005,0.0003,0.0000,2.1309,0.0001,200,196.5071
2.1330,0.0005,0.0003,0.0000,2.1324,0.0001,200,198.6387
2.1357,0.0006,0.0004,0.0001,2.1349,0.0001,200,200.7718
2.1356,0.0006,0.0003,0.0000,2.1349,0.0001,200,202.9074
2.1359,0.0006,0.0004,0.0000,2.1352,0.0001,200,205.0430
2.1327,0.0005,0.0003,0.0000,2.1320,0.0001,200,207.1789
2.1323,0.0006,0.0004,0.0000,2.1315,0.0001,200,209.3116
2.1352,0.0006,0.0004,0.0000,2.1344,0.0001,200,211.4439
2.1346,0.0005,0.0003,0.0000,2.1339,0.0001,200,213.5791
2.1326,0.0005,0.0003,0.0000,2.1319,0.0001,200,215.7137
2.1355,0.0005,0.0003,0.0001,2.1348,0.0001,200,217.8463
2.1473,0.0006,0.0004,0.0000,2.1466,0.0001,200,219.9818
2.1480,0.0005,0.0003,0.0000,2.1472,0.0001,200,222.1292
2.1359,0.0005,0.0003,0.0000,2.1353,0.0001,200,224.2771
2.1342,0.0005,0.0003,0.0000,2.1335,0.0001,200,226.4130
2.1343,0.0005,0.0003,0.0000,2.1336,0.0001,200,228.5472
2.1378,0.0005,0.0003,0.0000,2.1371,0.0001,200,230.6815
2.1357,0.0005,0.0003,0.0000,2.1350,0.0001,200,232.8193
2.1327,0.0006,0.0004,0.0000,2.1319,0.0001,200,234.9550
2.1364,0.0005,0.0003,0.0000,2.1358,0.0001,200,237.0877
2.1324,0.0005,0.0003,0.0000,2.1317,0.0001,200,239.2241
2.1371,0.0005,0.0003,0.0000,2.1363,0.0002,200,241.3565
2.1319,0.0006,0.0003,0.0000,2.1310,0.0001,200,243.4937
2.1346,0.0005,0.0003,0.0000,2.1339,0.0001,200,245.6256
2.1352,0.0005,0.0003,0.0000,2.1345,0.0001,200,247.7602
2.1336,0.0006,0.0003,0.0000,2.1329,0.0001,200,249.8954
2.1328,0.0005,0.0003,0.0000,2.1322,0.0001,200,252.0290
2.1310,0.0005,0.0003,0.0000,2.1303,0.0001,200,254.1618
2.1367,0.0005,0.0003,0.0000,2.1361,0.0001,200,256.2929
2.1340,0.0005,0.0003,0.0000,2.1334,0.0001,200,258.4296
2.1362,0.0005,0.0003,0.0000,2.1355,0.0001,200,260.5637
2.1323,0.0006,0.0004,0.0000,2.1316,0.0001,200,262.6998
2.1345,0.0005,0.0003,0.0000,2.1338,0.0001,200,264.8322
2.1323,0.0005,0.0003,0.0001,2.1316,0.0001,200,266.9667
2.1333,0.0005,0.0003,0.0000,2.1326,0.0001,200,269.0990
2.1371,0.0006,0.0003,0.0000,2.1364,0.0001,200,271.2323
2.1359,0.0006,0.0004,0.0000,2.1351,0.0001,200,273.3695
2.1392,0.0006,0.0004,0.0000,2.1384,0.0001,200,275.5053
2.1349,0.0005,0.0003,0.0000,2.1343,0.0001,200,277.6445
2.1357,0.0006,0.0003,0.0001,2.1350,0.0001,200,279.7795
2.1351,0.0005,0.0003,0.0001,2.1344,0.0001,200,281.9152
2.1383,0.0005,0.0003,0.0000,2.1376,0.0001,200,284.0503
2.1353,0.0005,0.0003,0.0000,2.1347,0.0001,200,286.1885
2.1314,0.0006,0.0004,0.0000,2.1307,0.0001,200,288.3239
2.1344,0.0006,0.0003,0.0000,2.1337,0.0001,200,290.4553
2.1340,0.0005,0.0003,0.0000,2.1333,0.0001,200,292.5897
2.1326,0.0005,0.0003,0.0000,2.1319,0.0001,200,294.7237
2.1330,0.0005,0.0003,0.0000,2.1323,0.0001,200,296.8563
2.1352,0.0005,0.0003,0.0000,2.1345,0.0001,200,298.9893
