response-time,DNS+dialup,DNS,Request-write,Response-delay,Response-read,status-code,offset
2.2307,0.0008,0.0005,0.0004,2.2293,0.0001,200,0.0028
2.2242,0.0008,0.0005,0.0001,2.2231,0.0001,200,2.2335
2.2386,0.0005,0.0003,0.0000,2.2380,0.0001,200,4.4576
2.2127,0.0007,0.0004,0.0000,2.2118,0.0001,200,6.6962
2.2091,0.0005,0.0003,0.0000,2.2084,0.0001,200,8.9089
2.2082,0.0005,0.0003,0.0000,2.2075,0.0001,200,11.1180
2.2209,0.0006,0.0003,0.0000,2.2201,0.0002,200,13.3262
2.2242,0.0005,0.0003,0.0000,2.2236,0.0001,200,15.5471
2.2235,0.0006,0.0003,0.0000,2.2227,0.0001,200,17.7714
2.2245,0.0006,0.0004,0.0000,2.2237,0.0001,200,19.9949
2.2217,0.0006,0.0004,0.0000,2.2209,0.0001,200,22.2194
2.2160,0.0006,0.0003,0.0000,2.2152,0.0001,200,24.4411
2.2057,0.0006,0.0004,0.0000,2.2050,0.0001,200,26.6571
2.2065,0.0006,0.0003,0.0000,2.2058,0.0001,200,28.8629
2.2044,0.0006,0.0003,0.0000,2.2036,0.0001,200,31.0694
2.2056,0.0006,0.0003,0.0000,2.2049,0.0001,200,33.2738
2.2046,0.0005,0.0003,0.0001,2.2039,0.0001,200,35.4794
2.2004,0.0006,0.0003,0.0000,2.1996,0.0001,200,37.6840
2.2093,0.0006,0.0003,0.0000,2.2086,0.0001,200,39.8843
2.2026,0.0006,0.0003,0.0000,2.2019,0.0001,200,42.0937
2.2020,0.0006,0.0003,0.0000,2.2013,0.0001,200,44.2962
2.2005,0.0006,0.0003,0.0001,2.1997,0.0001,200,46.4983
2.2046,0.0005,0.0003,0.0000,2.2039,0.0001,200,48.6988
2.2019,0.0006,0.0003,0.0000,2.2012,0.0001,200,50.9034
2.2016,0.0006,0.0004,0.0000,2.2008,0.0001,200,53.1054
2.2033,0.0005,0.0003,0.0000,2.2026,0.0001,200,55.3070
2.2015,0.0005,0.0003,0.0000,2.2008,0.0001,200,57.5103
2.2046,0.0006,0.0003,0.0000,2.2038,0.0002,200,59.7118
2.2018,0.0006,0.0003,0.0001,2.2010,0.0001,200,61.9164
2.2024,0.0005,0.0003,0.0000,2.2018,0.0001,200,64.1182
2.2041,0.0006,0.0004,0.0000,2.2034,0.0001,200,66.3207
2.2074,0.0005,0.0003,0.0000,2.2067,0.0001,200,68.5248
2.2149,0.0005,0.0003,0.0000,2.2142,0.0001,200,70.7321
2.2162,0.0005,0.0003,0.0000,2.2155,0.0002,200,72.9471
2.2038,0.0005,0.0003,0.0001,2.2030,0.0002,200,75.1633
2.2005,0.0006,0.0003,0.0000,2.1999,0.0001,200,77.3671
2.2025,0.0006,0.0004,0.0001,2.2017,0.0002,200,79.5676
2.2022,0.0006,0.0003,0.0007,2.2008,0.0001,200,81.7702
2.2016,0.0006,0.0003,0.0000,2.2008,0.0001,200,83.9724
2.2035,0.0006,0.0004,0.0000,2.2028,0.0001,200,86.1740
2.2060,0.0005,0.0003,0.0000,2.2053,0.0001,200,88.3775
2.2029,0.0006,0.0003,0.0001,2.2020,0.0002,200,90.5835
2.2128,0.0005,0.0003,0.0000,2.2121,0.0001,200,92.7864
2.2047,0.0005,0.0003,0.0000,2.2040,0.0001,200,94.9992
2.2010,0.0006,0.0003,0.0000,2.2003,0.0001,200,97.2039
2.2050,0.0005,0.0003,0.0000,2.2043,0.0001,200,99.4050
2.2088,0.0005,0.0003,0.0000,2.2081,0.0001,200,101.6100
2.2127,0.0006,0.0004,0.0000,2.2119,0.0001,200,103.8188
2.2115,0.0006,0.0003,0.0000,2.2108,0.0001,200,106.0315
2.2074,0.0006,0.0003,0.0000,2.2066,0.0001,200,108.2430
2.2044,0.0005,0.0003,0.0000,2.2037,0.0001,200,110.4504
2.2174,0.0006,0.0003,0.0000,2.2167,0.0001,200,112.6548
2.2250,0.0006,0.0004,0.0000,2.2242,0.0001,200,114.8721
2.2195,0.0006,0.0004,0.0000,2.2187,0.0001,200,117.0971
2.2195,0.0006,0.0004,0.0000,2.2185,0.0003,200,119.3166
2.2045,0.0008,0.0003,0.0000,2.2036,0.0001,200,121.5362
2.2048,0.0005,0.0003,0.0000,2.2041,0.0001,200,123.7407
2.2044,0.0006,0.0003,0.0000,2.2037,0.0001,200,125.9455
2.2118,0.0005,0.0003,0.0000,2.2110,0.0001,200,128.1499
2.2013,0.0005,0.0003,0.0000,2.2005,0.0002,200,130.3617
2.2138,0.0005,0.0003,0.0000,2.2131,0.0001,200,132.5630
2.2002,0.0005,0.0003,0.0000,2.1995,0.0001,200,134.7768
2.2013,0.0005,0.0003,0.0000,2.2006,0.0001,200,136.9769
2.2055,0.0005,0.0003,0.0000,2.2048,0.0001,200,139.1782
2.2045,0.0005,0.0003,0.0000,2.2038,0.0001,200,141.3837
2.2021,0.0005,0.0003,0.0000,2.2015,0.0001,200,143.5882
2.2014,0.0006,0.0003,0.0000,2.2006,0.0001,200,145.7903
2.2117,0.0005,0.0003,0.0001,2.2110,0.0001,200,147.9917
2.2186,0.0006,0.0004,0.0000,2.2177,0.0001,200,150.2034
2.2105,0.0006,0.0004,0.0001,2.2098,0.0001,200,152.4220
2.2059,0.0005,0.0003,0.0000,2.2052,0.0001,200,154.6325
2.2164,0.0005,0.0003,0.0000,2.2157,0.0001,200,156.8384
2.2160,0.0005,0.0003,0.0001,2.2153,0.0001,200,159.0548
2.2038,0.0005,0.0003,0.0000,2.2031,0.0001,200,161.2709
2.2052,0.0005,0.0003,0.0000,2.2045,0.0001,200,163.4747
2.2007,0.0006,0.0004,0.0000,2.2000,0.0001,200,165.6799
2.2015,0.0005,0.0003,0.0000,2.2009,0.0001,200,167.8806
2.2046,0.0005,0.0003,0.0000,2.2039,0.0001,200,170.0821
2.2008,0.0006,0.0004,0.0000,2.2000,0.0002,200,172.2867
2.2162,0.0005,0.0003,0.0000,2.2156,0.0001,200,174.4875
2.2066,0.0006,0.0003,0.0001,2.2058,0.0001,200,176.7038
2.2175,0.0005,0.0003,0.0000,2.2168,0.0001,200,178.9103
2.2058,0.0005,0.0003,0.0000,2.2051,0.0001,200,181.1279
2.2058,0.0005,0.0003,0.0000,2.2051,0.0001,200,183.3336
2.2035,0.0005,0.0003,0.0000,2.2028,0.0001,200,185.5394
2.2065,0.0005,0.0003,0.0000,2.2059,0.0001,200,187.7429
2.2096,0.0005,0.0003,0.0000,2.2089,0.0001,200,189.9494
2.2062,0.0006,0.0003,0.0000,2.2055,0.0001,200,192.1591
2.2067,0.0005,0.0003,0.0000,2.2060,0.0001,200,194.3653
2.2032,0.0005,0.0003,0.0000,2.2025,0.0001,200,196.5720
2.2081,0.0006,0.0003,0.0000,2.2073,0.0001,200,198.7752
2.2091,0.0005,0.0003,0.0000,2.2084,0.0001,200,200.9833
2.2072,0.0006,0.0003,0.0000,2.2064,0.0001,200,203.1923
2.2088,0.0006,0.0003,0.0000,2.2081,0.0001,200,205.3995
2.2034,0.0006,0.0003,0.0000,2.2026,0.0001,200,207.6083
2.2122,0.0005,0.0003,0.0001,2.2114,0.0001,200,209.8118
2.2200,0.0005,0.0003,0.0000,2.2193,0.0001,200,212.0240
2.2214,0.0005,0.0003,0.0000,2.2207,0.0001,200,214.2440
2.2132,0.0006,0.0003,0.0000,2.2125,0.0001,200,216.4653
2.2123,0.0005,0.0003,0.0000,2.2116,0.0001,200,218.6785
2.2191,0.0005,0.0003,0.0000,2.2185,0.0001,200,220.8908
2.2062,0.0005,0.0003,0.0000,2.2055,0.0001,200,223.1100
2.2028,0.0005,0.0003,0.0000,2.2021,0.0001,200,225.3162
2.2014,0.0005,0.0003,0.0001,2.2007,0.0001,200,227.5190
2.2032,0.0006,0.0003,0.0000,2.2025,0.0001,200,229.7204
2.2102,0.0006,0.0003,0.0000,2.2095,0.0001,200,231.9236
2.2056,0.0006,0.0003,0.0000,2.2049,0.0001,200,234.1338
2.2022,0.0005,0.0003,0.0000,2.2015,0.0001,200,236.3395
2.2014,0.0006,0.0003,0.0000,2.2007,0.0001,200,238.5417
2.2013,0.0005,0.0003,0.0000,2.2004,0.0003,200,240.7431
2.2013,0.0009,0.0006,0.0000,2.2002,0.0001,200,242.9445
2.2059,0.0006,0.0003,0.0000,2.2052,0.0001,200,245.1458
2.2019,0.0005,0.0003,0.0000,2.2012,0.0001,200,247.3517
2.2025,0.0006,0.0004,0.0000,2.2017,0.0001,200,249.5536
2.2095,0.0006,0.0004,0.0000,2.2088,0.0001,200,251.7561
2.2039,0.0005,0.0003,0.0000,2.2032,0.0001,200,253.9656
2.2013,0.0005,0.0003,0.0000,2.2006,0.0001,200,256.1695
2.1989,0.0006,0.0003,0.0000,2.1981,0.0002,200,258.3708
2.2273,0.0005,0.0003,0.0000,2.2266,0.0001,200,260.5697
2.2042,0.0005,0.0003,0.0000,2.2035,0.0001,200,262.7970
2.2032,0.0006,0.0003,0.0000,2.2024,0.0001,200,265.0012
2.2024,0.0005,0.0003,0.0000,2.2018,0.0001,200,267.2044
2.2096,0.0005,0.0003,0.0000,2.2090,0.0001,200,269.4068
2.2057,0.0006,0.0003,0.0000,2.2049,0.0001,200,271.6164
2.2091,0.0005,0.0003,0.0000,2.2084,0.0001,200,273.8221
2.2078,0.0005,0.0003,0.0000,2.2071,0.0001,200,276.0312
2.2056,0.0005,0.0003,0.0000,2.2049,0.0001,200,278.2390
2.2077,0.0005,0.0003,0.0000,2.2071,0.0001,200,280.4445
2.2052,0.0006,0.0003,0.0000,2.2045,0.0001,200,282.6523
2.2014,0.0005,0.0003,0.0000,2.2007,0.0001,200,284.8575
2.2027,0.0005,0.0003,0.0000,2.2020,0.0001,200,287.0589
2.2058,0.0006,0.0003,0.0000,2.2050,0.0002,200,289.2616
2.2053,0.0006,0.0003,0.0000,2.2044,0.0002,200,291.4674
2.2027,0.0005,0.0003,0.0000,2.2019,0.0001,200,293.6727
2.2031,0.0005,0.0003,0.0000,2.2024,0.0001,200,295.8754
2.2046,0.0006,0.0004,0.0000,2.2039,0.0001,200,298.0785
